# state_sector q N(q) qx qy; unit-cell normalization 1/Nuc
# corrected TiltedLat30 Fourier mesh
0 0 0.000000000000 0.000000000000 0.000000000000
0 1 0.139104327904 1.675516081915 0.725519745694
0 2 0.241608218584 3.351032163829 1.451039491387
0 3 0.175236723585 5.026548245744 2.176559237081
0 4 0.095575649577 6.702064327658 2.902078982775
0 5 1.321575612776 8.377580409573 3.627598728468
0 6 0.227011827356 10.053096491487 4.353118474162
0 7 0.167300638128 11.728612573402 5.078638219856
0 8 0.167300638128 13.404128655316 5.804157965549
0 9 0.227011827356 15.079644737231 6.529677711243
0 10 1.321575612776 16.755160819146 7.255197456937
0 11 0.095575649577 18.430676901060 7.980717202631
0 12 0.175236723585 20.106192982975 8.706236948324
0 13 0.241608218584 21.781709064889 9.431756694018
0 14 0.139104327904 23.457225146804 10.157276439712
1 0 0.000000000000 0.000000000000 0.000000000000
1 1 0.138823626430 1.675516081915 0.725519745694
1 2 0.236858981384 3.351032163829 1.451039491387
1 3 0.173477674612 5.026548245744 2.176559237081
1 4 0.095530683937 6.702064327658 2.902078982775
1 5 1.082912345548 8.377580409573 3.627598728468
1 6 0.202714428764 10.053096491487 4.353118474162
1 7 0.160708031762 11.728612573402 5.078638219856
1 8 0.160708031762 13.404128655316 5.804157965549
1 9 0.202714428764 15.079644737231 6.529677711243
1 10 1.082912345548 16.755160819146 7.255197456937
1 11 0.095530683937 18.430676901060 7.980717202631
1 12 0.173477674612 20.106192982975 8.706236948324
1 13 0.236858981384 21.781709064889 9.431756694018
1 14 0.138823626430 23.457225146804 10.157276439712
2 0 0.000000000000 0.000000000000 0.000000000000
2 1 0.176156716958 1.675516081915 0.725519745694
2 2 0.253248815101 3.351032163829 1.451039491387
2 3 0.153582278624 5.026548245744 2.176559237081
2 4 0.106057364877 6.702064327658 2.902078982775
2 5 1.178490164375 8.377580409573 3.627598728468
2 6 0.203982442213 10.053096491487 4.353118474162
2 7 0.142140639161 11.728612573402 5.078638219856
2 8 0.142140639161 13.404128655316 5.804157965549
2 9 0.203982442213 15.079644737231 6.529677711243
2 10 1.178490164375 16.755160819146 7.255197456937
2 11 0.106057364877 18.430676901060 7.980717202631
2 12 0.153582278624 20.106192982975 8.706236948324
2 13 0.253248815101 21.781709064889 9.431756694018
2 14 0.176156716958 23.457225146804 10.157276439712
3 0 0.000000000000 0.000000000000 0.000000000000
3 1 0.181936570145 1.675516081915 0.725519745694
3 2 0.234627641518 3.351032163829 1.451039491387
3 3 0.150983728217 5.026548245744 2.176559237081
3 4 0.107740759576 6.702064327658 2.902078982775
3 5 1.442121073564 8.377580409573 3.627598728468
3 6 0.250244781430 10.053096491487 4.353118474162
3 7 0.151180865332 11.728612573402 5.078638219856
3 8 0.151180865332 13.404128655316 5.804157965549
3 9 0.250244781430 15.079644737231 6.529677711243
3 10 1.442121073564 16.755160819146 7.255197456937
3 11 0.107740759576 18.430676901060 7.980717202631
3 12 0.150983728217 20.106192982975 8.706236948324
3 13 0.234627641518 21.781709064889 9.431756694018
3 14 0.181936570145 23.457225146804 10.157276439712
4 0 0.000000000000 0.000000000000 0.000000000000
4 1 0.147120908095 1.675516081915 0.725519745694
4 2 0.239088014806 3.351032163829 1.451039491387
4 3 0.173383881502 5.026548245744 2.176559237081
4 4 0.097267177506 6.702064327658 2.902078982775
4 5 1.578368967824 8.377580409573 3.627598728468
4 6 0.244824493729 10.053096491487 4.353118474162
4 7 0.167267934880 11.728612573402 5.078638219856
4 8 0.167267934880 13.404128655316 5.804157965549
4 9 0.244824493729 15.079644737231 6.529677711243
4 10 1.578368967824 16.755160819146 7.255197456937
4 11 0.097267177506 18.430676901060 7.980717202631
4 12 0.173383881502 20.106192982975 8.706236948324
4 13 0.239088014806 21.781709064889 9.431756694018
4 14 0.147120908095 23.457225146804 10.157276439712
5 0 0.000000000000 0.000000000000 0.000000000000
5 1 0.139512356053 1.675516081915 0.725519745694
5 2 0.240851748718 3.351032163829 1.451039491387
5 3 0.175780783584 5.026548245744 2.176559237081
5 4 0.095386237899 6.702064327658 2.902078982775
5 5 1.323470324333 8.377580409573 3.627598728468
5 6 0.223958056952 10.053096491487 4.353118474162
5 7 0.167604895221 11.728612573402 5.078638219856
5 8 0.167604895221 13.404128655316 5.804157965549
5 9 0.223958056952 15.079644737231 6.529677711243
5 10 1.323470324333 16.755160819146 7.255197456937
5 11 0.095386237899 18.430676901060 7.980717202631
5 12 0.175780783584 20.106192982975 8.706236948324
5 13 0.240851748718 21.781709064889 9.431756694018
5 14 0.139512356053 23.457225146804 10.157276439712
6 0 0.000000000000 0.000000000000 0.000000000000
6 1 0.139589130860 1.675516081915 0.725519745694
6 2 0.235784701919 3.351032163829 1.451039491387
6 3 0.174172870210 5.026548245744 2.176559237081
6 4 0.095210068730 6.702064327658 2.902078982775
6 5 1.085072292099 8.377580409573 3.627598728468
6 6 0.199074696953 10.053096491487 4.353118474162
6 7 0.161011272602 11.728612573402 5.078638219856
6 8 0.161011272602 13.404128655316 5.804157965549
6 9 0.199074696953 15.079644737231 6.529677711243
6 10 1.085072292099 16.755160819146 7.255197456937
6 11 0.095210068730 18.430676901060 7.980717202631
6 12 0.174172870210 20.106192982975 8.706236948324
6 13 0.235784701919 21.781709064889 9.431756694018
6 14 0.139589130860 23.457225146804 10.157276439712
7 0 0.000000000000 0.000000000000 0.000000000000
7 1 0.177214514479 1.675516081915 0.725519745694
7 2 0.252397679791 3.351032163829 1.451039491387
7 3 0.153964275081 5.026548245744 2.176559237081
7 4 0.105940871962 6.702064327658 2.902078982775
7 5 1.185795046775 8.377580409573 3.627598728468
7 6 0.201038510367 10.053096491487 4.353118474162
7 7 0.142133935050 11.728612573402 5.078638219856
7 8 0.142133935050 13.404128655316 5.804157965549
7 9 0.201038510367 15.079644737231 6.529677711243
7 10 1.185795046775 16.755160819146 7.255197456937
7 11 0.105940871962 18.430676901060 7.980717202631
7 12 0.153964275081 20.106192982975 8.706236948324
7 13 0.252397679791 21.781709064889 9.431756694018
7 14 0.177214514479 23.457225146804 10.157276439712
8 0 0.000000000000 0.000000000000 0.000000000000
8 1 0.182563404172 1.675516081915 0.725519745694
8 2 0.233847699476 3.351032163829 1.451039491387
8 3 0.151308520633 5.026548245744 2.176559237081
8 4 0.107577581648 6.702064327658 2.902078982775
8 5 1.442751323085 8.377580409573 3.627598728468
8 6 0.246885626645 10.053096491487 4.353118474162
8 7 0.151385951009 11.728612573402 5.078638219856
8 8 0.151385951009 13.404128655316 5.804157965549
8 9 0.246885626645 15.079644737231 6.529677711243
8 10 1.442751323085 16.755160819146 7.255197456937
8 11 0.107577581648 18.430676901060 7.980717202631
8 12 0.151308520633 20.106192982975 8.706236948324
8 13 0.233847699476 21.781709064889 9.431756694018
8 14 0.182563404172 23.457225146804 10.157276439712
9 0 0.000000000000 0.000000000000 0.000000000000
9 1 0.147735605926 1.675516081915 0.725519745694
9 2 0.238339061091 3.351032163829 1.451039491387
9 3 0.173892309247 5.026548245744 2.176559237081
9 4 0.097077905634 6.702064327658 2.902078982775
9 5 1.579102752688 8.377580409573 3.627598728468
9 6 0.241360302981 10.053096491487 4.353118474162
9 7 0.167418679644 11.728612573402 5.078638219856
9 8 0.167418679644 13.404128655316 5.804157965549
9 9 0.241360302981 15.079644737231 6.529677711243
9 10 1.579102752688 16.755160819146 7.255197456937
9 11 0.097077905634 18.430676901060 7.980717202631
9 12 0.173892309247 20.106192982975 8.706236948324
9 13 0.238339061091 21.781709064889 9.431756694018
9 14 0.147735605926 23.457225146804 10.157276439712
10 0 0.000000000000 0.000000000000 0.000000000000
10 1 0.139484532134 1.675516081915 0.725519745694
10 2 0.240999925082 3.351032163829 1.451039491387
10 3 0.175730850336 5.026548245744 2.176559237081
10 4 0.095332678530 6.702064327658 2.902078982775
10 5 1.324592582741 8.377580409573 3.627598728468
10 6 0.224646215763 10.053096491487 4.353118474162
10 7 0.167474495027 11.728612573402 5.078638219856
10 8 0.167474495027 13.404128655316 5.804157965549
10 9 0.224646215763 15.079644737231 6.529677711243
10 10 1.324592582741 16.755160819146 7.255197456937
10 11 0.095332678530 18.430676901060 7.980717202631
10 12 0.175730850336 20.106192982975 8.706236948324
10 13 0.240999925082 21.781709064889 9.431756694018
10 14 0.139484532134 23.457225146804 10.157276439712
11 0 0.000000000000 0.000000000000 0.000000000000
11 1 0.138952282560 1.675516081915 0.725519745694
11 2 0.236543946419 3.351032163829 1.451039491387
11 3 0.173863763904 5.026548245744 2.176559237081
11 4 0.095355695498 6.702064327658 2.902078982775
11 5 1.081443970873 8.377580409573 3.627598728468
11 6 0.200326638653 10.053096491487 4.353118474162
11 7 0.161033851870 11.728612573402 5.078638219856
11 8 0.161033851870 13.404128655316 5.804157965549
11 9 0.200326638653 15.079644737231 6.529677711243
11 10 1.081443970873 16.755160819146 7.255197456937
11 11 0.095355695498 18.430676901060 7.980717202631
11 12 0.173863763904 20.106192982975 8.706236948324
11 13 0.236543946419 21.781709064889 9.431756694018
11 14 0.138952282560 23.457225146804 10.157276439712
12 0 0.000000000000 0.000000000000 0.000000000000
12 1 0.176540466915 1.675516081915 0.725519745694
12 2 0.252901777494 3.351032163829 1.451039491387
12 3 0.153739143313 5.026548245744 2.176559237081
12 4 0.106032240980 6.702064327658 2.902078982775
12 5 1.181729707618 8.377580409573 3.627598728468
12 6 0.202874875506 10.053096491487 4.353118474162
12 7 0.142151096887 11.728612573402 5.078638219856
12 8 0.142151096887 13.404128655316 5.804157965549
12 9 0.202874875506 15.079644737231 6.529677711243
12 10 1.181729707618 16.755160819146 7.255197456937
12 11 0.106032240980 18.430676901060 7.980717202631
12 12 0.153739143313 20.106192982975 8.706236948324
12 13 0.252901777494 21.781709064889 9.431756694018
12 14 0.176540466915 23.457225146804 10.157276439712
13 0 0.000000000000 0.000000000000 0.000000000000
13 1 0.181620825018 1.675516081915 0.725519745694
13 2 0.235058196831 3.351032163829 1.451039491387
13 3 0.150791452068 5.026548245744 2.176559237081
13 4 0.107811311800 6.702064327658 2.902078982775
13 5 1.442338259596 8.377580409573 3.627598728468
13 6 0.252462843186 10.053096491487 4.353118474162
13 7 0.151064090056 11.728612573402 5.078638219856
13 8 0.151064090056 13.404128655316 5.804157965549
13 9 0.252462843186 15.079644737231 6.529677711243
13 10 1.442338259596 16.755160819146 7.255197456937
13 11 0.107811311800 18.430676901060 7.980717202631
13 12 0.150791452068 20.106192982975 8.706236948324
13 13 0.235058196831 21.781709064889 9.431756694018
13 14 0.181620825018 23.457225146804 10.157276439712
14 0 0.000000000000 0.000000000000 0.000000000000
14 1 0.147053258592 1.675516081915 0.725519745694
14 2 0.239053520434 3.351032163829 1.451039491387
14 3 0.173202359383 5.026548245744 2.176559237081
14 4 0.097546646334 6.702064327658 2.902078982775
14 5 1.574436642092 8.377580409573 3.627598728468
14 6 0.245339749204 10.053096491487 4.353118474162
14 7 0.167183579119 11.728612573402 5.078638219856
14 8 0.167183579119 13.404128655316 5.804157965549
14 9 0.245339749204 15.079644737231 6.529677711243
14 10 1.574436642092 16.755160819146 7.255197456937
14 11 0.097546646334 18.430676901060 7.980717202631
14 12 0.173202359383 20.106192982975 8.706236948324
14 13 0.239053520434 21.781709064889 9.431756694018
14 14 0.147053258592 23.457225146804 10.157276439712
average 0 0.000000000000 0.000000000000 0.000000000000
average 1 0.156893901749 1.675516081915 0.725519745694
average 2 0.240747328576 3.351032163829 1.451039491387
average 3 0.165540707620 5.026548245744 2.176559237081
average 4 0.100362858299 6.702064327658 2.902078982775
average 5 1.321613404399 8.377580409573 3.627598728468
average 6 0.224449699313 10.053096491487 4.353118474162
average 7 0.157803997050 11.728612573402 5.078638219856
average 8 0.157803997050 13.404128655316 5.804157965549
average 9 0.224449699313 15.079644737231 6.529677711243
average 10 1.321613404399 16.755160819146 7.255197456937
average 11 0.100362858299 18.430676901060 7.980717202631
average 12 0.165540707620 20.106192982975 8.706236948324
average 13 0.240747328576 21.781709064889 9.431756694018
average 14 0.156893901749 23.457225146804 10.157276439712
