# sector_k  q  N(q)  kx  ky  [30sites Np=5 V1=1.0 t'=0.2]
0  0  0.000000  0.000000  0.000000
0  1  0.160532  1.675516  0.725520
0  2  0.403605  3.351032  1.451039
0  3  0.187954  5.026548  2.176559
0  4  0.097748  6.702064  2.902079
0  5  0.262085  8.377580  3.627599
0  6  0.369868  10.053096  4.353118
0  7  0.222554  11.728613  5.078638
0  8  0.222554  13.404129  5.804158
0  9  0.369868  15.079645  6.529678
0  10  0.262085  16.755161  7.255197
0  11  0.097748  18.430677  7.980717
0  12  0.187954  20.106193  8.706237
0  13  0.403605  21.781709  9.431757
0  14  0.160532  23.457225  10.157276
1  0  0.000000  0.000000  0.000000
1  1  0.176095  1.675516  0.725520
1  2  0.400065  3.351032  1.451039
1  3  0.188719  5.026548  2.176559
1  4  0.114083  6.702064  2.902079
1  5  0.235254  8.377580  3.627599
1  6  0.401788  10.053096  4.353118
1  7  0.214762  11.728613  5.078638
1  8  0.214762  13.404129  5.804158
1  9  0.401788  15.079645  6.529678
1  10  0.235254  16.755161  7.255197
1  11  0.114083  18.430677  7.980717
1  12  0.188719  20.106193  8.706237
1  13  0.400065  21.781709  9.431757
1  14  0.176095  23.457225  10.157276
2  0  0.000000  0.000000  0.000000
2  1  0.149806  1.675516  0.725520
2  2  0.442237  3.351032  1.451039
2  3  0.177243  5.026548  2.176559
2  4  0.130734  6.702064  2.902079
2  5  0.244371  8.377580  3.627599
2  6  0.360156  10.053096  4.353118
2  7  0.221178  11.728613  5.078638
2  8  0.221178  13.404129  5.804158
2  9  0.360156  15.079645  6.529678
2  10  0.244371  16.755161  7.255197
2  11  0.130734  18.430677  7.980717
2  12  0.177243  20.106193  8.706237
2  13  0.442237  21.781709  9.431757
2  14  0.149806  23.457225  10.157276
3  0  0.000000  0.000000  0.000000
3  1  0.167725  1.675516  0.725520
3  2  0.402335  3.351032  1.451039
3  3  0.190275  5.026548  2.176559
3  4  0.128511  6.702064  2.902079
3  5  0.264784  8.377580  3.627599
3  6  0.345874  10.053096  4.353118
3  7  0.240021  11.728613  5.078638
3  8  0.240021  13.404129  5.804158
3  9  0.345874  15.079645  6.529678
3  10  0.264784  16.755161  7.255197
3  11  0.128511  18.430677  7.980717
3  12  0.190275  20.106193  8.706237
3  13  0.402335  21.781709  9.431757
3  14  0.167725  23.457225  10.157276
4  0  0.000000  0.000000  0.000000
4  1  0.165760  1.675516  0.725520
4  2  0.399956  3.351032  1.451039
4  3  0.180907  5.026548  2.176559
4  4  0.104454  6.702064  2.902079
4  5  0.219098  8.377580  3.627599
4  6  0.437439  10.053096  4.353118
4  7  0.214458  11.728613  5.078638
4  8  0.214458  13.404129  5.804158
4  9  0.437439  15.079645  6.529678
4  10  0.219098  16.755161  7.255197
4  11  0.104454  18.430677  7.980717
4  12  0.180907  20.106193  8.706237
4  13  0.399956  21.781709  9.431757
4  14  0.165760  23.457225  10.157276
5  0  0.000000  0.000000  0.000000
5  1  0.165764  1.675516  0.725520
5  2  0.381401  3.351032  1.451039
5  3  0.192145  5.026548  2.176559
5  4  0.100199  6.702064  2.902079
5  5  0.280999  8.377580  3.627599
5  6  0.362228  10.053096  4.353118
5  7  0.224142  11.728613  5.078638
5  8  0.224142  13.404129  5.804158
5  9  0.362228  15.079645  6.529678
5  10  0.280999  16.755161  7.255197
5  11  0.100199  18.430677  7.980717
5  12  0.192145  20.106193  8.706237
5  13  0.381401  21.781709  9.431757
5  14  0.165764  23.457225  10.157276
6  0  0.000000  0.000000  0.000000
6  1  0.168503  1.675516  0.725520
6  2  0.411231  3.351032  1.451039
6  3  0.184383  5.026548  2.176559
6  4  0.113709  6.702064  2.902079
6  5  0.233722  8.377580  3.627599
6  6  0.407581  10.053096  4.353118
6  7  0.203679  11.728613  5.078638
6  8  0.203679  13.404129  5.804158
6  9  0.407581  15.079645  6.529678
6  10  0.233722  16.755161  7.255197
6  11  0.113709  18.430677  7.980717
6  12  0.184383  20.106193  8.706237
6  13  0.411231  21.781709  9.431757
6  14  0.168503  23.457225  10.157276
7  0  0.000000  0.000000  0.000000
7  1  0.165421  1.675516  0.725520
7  2  0.386146  3.351032  1.451039
7  3  0.202903  5.026548  2.176559
7  4  0.121887  6.702064  2.902079
7  5  0.267922  8.377580  3.627599
7  6  0.355456  10.053096  4.353118
7  7  0.235430  11.728613  5.078638
7  8  0.235430  13.404129  5.804158
7  9  0.355456  15.079645  6.529678
7  10  0.267922  16.755161  7.255197
7  11  0.121887  18.430677  7.980717
7  12  0.202903  20.106193  8.706237
7  13  0.386146  21.781709  9.431757
7  14  0.165421  23.457225  10.157276
8  0  0.000000  0.000000  0.000000
8  1  0.162005  1.675516  0.725520
8  2  0.428687  3.351032  1.451039
8  3  0.183536  5.026548  2.176559
8  4  0.124135  6.702064  2.902079
8  5  0.232568  8.377580  3.627599
8  6  0.368079  10.053096  4.353118
8  7  0.219203  11.728613  5.078638
8  8  0.219203  13.404129  5.804158
8  9  0.368079  15.079645  6.529678
8  10  0.232568  16.755161  7.255197
8  11  0.124135  18.430677  7.980717
8  12  0.183536  20.106193  8.706237
8  13  0.428687  21.781709  9.431757
8  14  0.162005  23.457225  10.157276
9  0  0.000000  0.000000  0.000000
9  1  0.170384  1.675516  0.725520
9  2  0.413564  3.351032  1.451039
9  3  0.184618  5.026548  2.176559
9  4  0.135765  6.702064  2.902079
9  5  0.254842  8.377580  3.627599
9  6  0.349236  10.053096  4.353118
9  7  0.225410  11.728613  5.078638
9  8  0.225410  13.404129  5.804158
9  9  0.349236  15.079645  6.529678
9  10  0.254842  16.755161  7.255197
9  11  0.135765  18.430677  7.980717
9  12  0.184618  20.106193  8.706237
9  13  0.413564  21.781709  9.431757
9  14  0.170384  23.457225  10.157276
10  0  0.000000  0.000000  0.000000
10  1  0.165835  1.675516  0.725520
10  2  0.407095  3.351032  1.451039
10  3  0.188683  5.026548  2.176559
10  4  0.095755  6.702064  2.902079
10  5  0.249109  8.377580  3.627599
10  6  0.378129  10.053096  4.353118
10  7  0.219269  11.728613  5.078638
10  8  0.219269  13.404129  5.804158
10  9  0.378129  15.079645  6.529678
10  10  0.249109  16.755161  7.255197
10  11  0.095755  18.430677  7.980717
10  12  0.188683  20.106193  8.706237
10  13  0.407095  21.781709  9.431757
10  14  0.165835  23.457225  10.157276
11  0  0.000000  0.000000  0.000000
11  1  0.168848  1.675516  0.725520
11  2  0.413038  3.351032  1.451039
11  3  0.184259  5.026548  2.176559
11  4  0.138386  6.702064  2.902079
11  5  0.259321  8.377580  3.627599
11  6  0.340875  10.053096  4.353118
11  7  0.222938  11.728613  5.078638
11  8  0.222938  13.404129  5.804158
11  9  0.340875  15.079645  6.529678
11  10  0.259321  16.755161  7.255197
11  11  0.138386  18.430677  7.980717
11  12  0.184259  20.106193  8.706237
11  13  0.413038  21.781709  9.431757
11  14  0.168848  23.457225  10.157276
12  0  0.000000  0.000000  0.000000
12  1  0.168090  1.675516  0.725520
12  2  0.462031  3.351032  1.451039
12  3  0.199314  5.026548  2.176559
12  4  0.120219  6.702064  2.902079
12  5  0.238581  8.377580  3.627599
12  6  0.329260  10.053096  4.353118
12  7  0.214068  11.728613  5.078638
12  8  0.214068  13.404129  5.804158
12  9  0.329260  15.079645  6.529678
12  10  0.238581  16.755161  7.255197
12  11  0.120219  18.430677  7.980717
12  12  0.199314  20.106193  8.706237
12  13  0.462031  21.781709  9.431757
12  14  0.168090  23.457225  10.157276
13  0  0.000000  0.000000  0.000000
13  1  0.151405  1.675516  0.725520
13  2  0.454080  3.351032  1.451039
13  3  0.190784  5.026548  2.176559
13  4  0.121767  6.702064  2.902079
13  5  0.244851  8.377580  3.627599
13  6  0.345578  10.053096  4.353118
13  7  0.222383  11.728613  5.078638
13  8  0.222383  13.404129  5.804158
13  9  0.345578  15.079645  6.529678
13  10  0.244851  16.755161  7.255197
13  11  0.121767  18.430677  7.980717
13  12  0.190784  20.106193  8.706237
13  13  0.454080  21.781709  9.431757
13  14  0.151405  23.457225  10.157276
14  0  0.000000  0.000000  0.000000
14  1  0.177385  1.675516  0.725520
14  2  0.424258  3.351032  1.451039
14  3  0.188510  5.026548  2.176559
14  4  0.134642  6.702064  2.902079
14  5  0.250914  8.377580  3.627599
14  6  0.351435  10.053096  4.353118
14  7  0.200780  11.728613  5.078638
14  8  0.200780  13.404129  5.804158
14  9  0.351435  15.079645  6.529678
14  10  0.250914  16.755161  7.255197
14  11  0.134642  18.430677  7.980717
14  12  0.188510  20.106193  8.706237
14  13  0.424258  21.781709  9.431757
14  14  0.177385  23.457225  10.157276
