# state_sector q N(q) qx qy; unit-cell normalization 1/Nuc
# corrected TiltedLat30 Fourier mesh
0 0 0.000000000000 0.000000000000 0.000000000000
0 1 0.162907570005 1.675516081915 0.725519745694
0 2 0.355883412127 3.351032163829 1.451039491387
0 3 0.209375597466 5.026548245744 2.176559237081
0 4 0.088118827655 6.702064327658 2.902078982775
0 5 1.034022014025 8.377580409573 3.627598728468
0 6 0.420804722639 10.053096491487 4.353118474162
0 7 0.213226179212 11.728612573402 5.078638219856
0 8 0.213226179212 13.404128655316 5.804157965549
0 9 0.420804722639 15.079644737231 6.529677711243
0 10 1.034022014025 16.755160819146 7.255197456937
0 11 0.088118827655 18.430676901060 7.980717202631
0 12 0.209375597466 20.106192982975 8.706236948324
0 13 0.355883412127 21.781709064889 9.431756694018
0 14 0.162907570005 23.457225146804 10.157276439712
1 0 0.000000000000 0.000000000000 0.000000000000
1 1 0.162823915407 1.675516081915 0.725519745694
1 2 0.320193102004 3.351032163829 1.451039491387
1 3 0.215082966600 5.026548245744 2.176559237081
1 4 0.084892078823 6.702064327658 2.902078982775
1 5 0.851368904658 8.377580409573 3.627598728468
1 6 0.315117445241 10.053096491487 4.353118474162
1 7 0.205801896593 11.728612573402 5.078638219856
1 8 0.205801896593 13.404128655316 5.804157965549
1 9 0.315117445241 15.079644737231 6.529677711243
1 10 0.851368904658 16.755160819146 7.255197456937
1 11 0.084892078823 18.430676901060 7.980717202631
1 12 0.215082966600 20.106192982975 8.706236948324
1 13 0.320193102004 21.781709064889 9.431756694018
1 14 0.162823915407 23.457225146804 10.157276439712
2 0 0.000000000000 0.000000000000 0.000000000000
2 1 0.173961441644 1.675516081915 0.725519745694
2 2 0.382694497677 3.351032163829 1.451039491387
2 3 0.182996120475 5.026548245744 2.176559237081
2 4 0.099109982522 6.702064327658 2.902078982775
2 5 1.014939613428 8.377580409573 3.627598728468
2 6 0.413456054315 10.053096491487 4.353118474162
2 7 0.194329680960 11.728612573402 5.078638219856
2 8 0.194329680960 13.404128655316 5.804157965549
2 9 0.413456054315 15.079644737231 6.529677711243
2 10 1.014939613428 16.755160819146 7.255197456937
2 11 0.099109982522 18.430676901060 7.980717202631
2 12 0.182996120475 20.106192982975 8.706236948324
2 13 0.382694497677 21.781709064889 9.431756694018
2 14 0.173961441644 23.457225146804 10.157276439712
3 0 0.000000000000 0.000000000000 0.000000000000
3 1 0.176850260110 1.675516081915 0.725519745694
3 2 0.318854604214 3.351032163829 1.451039491387
3 3 0.194587951513 5.026548245744 2.176559237081
3 4 0.097132287126 6.702064327658 2.902078982775
3 5 0.900940540463 8.377580409573 3.627598728468
3 6 0.381181956767 10.053096491487 4.353118474162
3 7 0.197374286403 11.728612573402 5.078638219856
3 8 0.197374286403 13.404128655316 5.804157965549
3 9 0.381181956767 15.079644737231 6.529677711243
3 10 0.900940540463 16.755160819146 7.255197456937
3 11 0.097132287126 18.430676901060 7.980717202631
3 12 0.194587951513 20.106192982975 8.706236948324
3 13 0.318854604214 21.781709064889 9.431756694018
3 14 0.176850260110 23.457225146804 10.157276439712
4 0 0.000000000000 0.000000000000 0.000000000000
4 1 0.169836380776 1.675516081915 0.725519745694
4 2 0.355236022660 3.351032163829 1.451039491387
4 3 0.201536737055 5.026548245744 2.176559237081
4 4 0.088991765438 6.702064327658 2.902078982775
4 5 1.325263969968 8.377580409573 3.627598728468
4 6 0.441915229070 10.053096491487 4.353118474162
4 7 0.216304725521 11.728612573402 5.078638219856
4 8 0.216304725521 13.404128655316 5.804157965549
4 9 0.441915229070 15.079644737231 6.529677711243
4 10 1.325263969968 16.755160819146 7.255197456937
4 11 0.088991765438 18.430676901060 7.980717202631
4 12 0.201536737055 20.106192982975 8.706236948324
4 13 0.355236022660 21.781709064889 9.431756694018
4 14 0.169836380776 23.457225146804 10.157276439712
5 0 0.000000000000 0.000000000000 0.000000000000
5 1 0.166962750686 1.675516081915 0.725519745694
5 2 0.335906630042 3.351032163829 1.451039491387
5 3 0.217477380666 5.026548245744 2.176559237081
5 4 0.087564775615 6.702064327658 2.902078982775
5 5 1.084549570431 8.377580409573 3.627598728468
5 6 0.375714774844 10.053096491487 4.353118474162
5 7 0.216981304796 11.728612573402 5.078638219856
5 8 0.216981304796 13.404128655316 5.804157965549
5 9 0.375714774844 15.079644737231 6.529677711243
5 10 1.084549570431 16.755160819146 7.255197456937
5 11 0.087564775615 18.430676901060 7.980717202631
5 12 0.217477380666 20.106192982975 8.706236948324
5 13 0.335906630042 21.781709064889 9.431756694018
5 14 0.166962750686 23.457225146804 10.157276439712
6 0 0.000000000000 0.000000000000 0.000000000000
6 1 0.166303340358 1.675516081915 0.725519745694
6 2 0.331370824906 3.351032163829 1.451039491387
6 3 0.214761746617 5.026548245744 2.176559237081
6 4 0.088625005369 6.702064327658 2.902078982775
6 5 0.867424249925 8.377580409573 3.627598728468
6 6 0.342088365536 10.053096491487 4.353118474162
6 7 0.211242187258 11.728612573402 5.078638219856
6 8 0.211242187258 13.404128655316 5.804157965549
6 9 0.342088365536 15.079644737231 6.529677711243
6 10 0.867424249925 16.755160819146 7.255197456937
6 11 0.088625005369 18.430676901060 7.980717202631
6 12 0.214761746617 20.106192982975 8.706236948324
6 13 0.331370824906 21.781709064889 9.431756694018
6 14 0.166303340358 23.457225146804 10.157276439712
7 0 0.000000000000 0.000000000000 0.000000000000
7 1 0.177808341416 1.675516081915 0.725519745694
7 2 0.365621444740 3.351032163829 1.451039491387
7 3 0.183840229687 5.026548245744 2.176559237081
7 4 0.096516440404 6.702064327658 2.902078982775
7 5 1.338382632230 8.377580409573 3.627598728468
7 6 0.380673450635 10.053096491487 4.353118474162
7 7 0.204908303435 11.728612573402 5.078638219856
7 8 0.204908303435 13.404128655316 5.804157965549
7 9 0.380673450635 15.079644737231 6.529677711243
7 10 1.338382632230 16.755160819146 7.255197456937
7 11 0.096516440404 18.430676901060 7.980717202631
7 12 0.183840229687 20.106192982975 8.706236948324
7 13 0.365621444740 21.781709064889 9.431756694018
7 14 0.177808341416 23.457225146804 10.157276439712
8 0 0.000000000000 0.000000000000 0.000000000000
8 1 0.173647466362 1.675516081915 0.725519745694
8 2 0.322949882611 3.351032163829 1.451039491387
8 3 0.196146178971 5.026548245744 2.176559237081
8 4 0.095574901940 6.702064327658 2.902078982775
8 5 0.862183912368 8.377580409573 3.627598728468
8 6 0.370876560631 10.053096491487 4.353118474162
8 7 0.198358023286 11.728612573402 5.078638219856
8 8 0.198358023286 13.404128655316 5.804157965549
8 9 0.370876560631 15.079644737231 6.529677711243
8 10 0.862183912368 16.755160819146 7.255197456937
8 11 0.095574901940 18.430676901060 7.980717202631
8 12 0.196146178971 20.106192982975 8.706236948324
8 13 0.322949882611 21.781709064889 9.431756694018
8 14 0.173647466362 23.457225146804 10.157276439712
9 0 0.000000000000 0.000000000000 0.000000000000
9 1 0.173552719234 1.675516081915 0.725519745694
9 2 0.350812809981 3.351032163829 1.451039491387
9 3 0.203159717605 5.026548245744 2.176559237081
9 4 0.087063431771 6.702064327658 2.902078982775
9 5 1.320492730486 8.377580409573 3.627598728468
9 6 0.406312138097 10.053096491487 4.353118474162
9 7 0.214079839872 11.728612573402 5.078638219856
9 8 0.214079839872 13.404128655316 5.804157965549
9 9 0.406312138097 15.079644737231 6.529677711243
9 10 1.320492730486 16.755160819146 7.255197456937
9 11 0.087063431771 18.430676901060 7.980717202631
9 12 0.203159717605 20.106192982975 8.706236948324
9 13 0.350812809981 21.781709064889 9.431756694018
9 14 0.173552719234 23.457225146804 10.157276439712
10 0 0.000000000000 0.000000000000 0.000000000000
10 1 0.167301590401 1.675516081915 0.725519745694
10 2 0.337804531817 3.351032163829 1.451039491387
10 3 0.215443027732 5.026548245744 2.176559237081
10 4 0.083625620855 6.702064327658 2.902078982775
10 5 1.080023291095 8.377580409573 3.627598728468
10 6 0.376209736483 10.053096491487 4.353118474162
10 7 0.210851027937 11.728612573402 5.078638219856
10 8 0.210851027937 13.404128655316 5.804157965549
10 9 0.376209736483 15.079644737231 6.529677711243
10 10 1.080023291095 16.755160819146 7.255197456937
10 11 0.083625620855 18.430676901060 7.980717202631
10 12 0.215443027732 20.106192982975 8.706236948324
10 13 0.337804531817 21.781709064889 9.431756694018
10 14 0.167301590401 23.457225146804 10.157276439712
11 0 0.000000000000 0.000000000000 0.000000000000
11 1 0.159665801095 1.675516081915 0.725519745694
11 2 0.340901943229 3.351032163829 1.451039491387
11 3 0.211313658419 5.026548245744 2.176559237081
11 4 0.087501018222 6.702064327658 2.902078982775
11 5 0.819697952425 8.377580409573 3.627598728468
11 6 0.347514545893 10.053096491487 4.353118474162
11 7 0.210034532955 11.728612573402 5.078638219856
11 8 0.210034532955 13.404128655316 5.804157965549
11 9 0.347514545893 15.079644737231 6.529677711243
11 10 0.819697952425 16.755160819146 7.255197456937
11 11 0.087501018222 18.430676901060 7.980717202631
11 12 0.211313658419 20.106192982975 8.706236948324
11 13 0.340901943229 21.781709064889 9.431756694018
11 14 0.159665801095 23.457225146804 10.157276439712
12 0 0.000000000000 0.000000000000 0.000000000000
12 1 0.177137325244 1.675516081915 0.725519745694
12 2 0.359328175193 3.351032163829 1.451039491387
12 3 0.182905311012 5.026548245744 2.176559237081
12 4 0.097605792087 6.702064327658 2.902078982775
12 5 1.280598452580 8.377580409573 3.627598728468
12 6 0.371311735666 10.053096491487 4.353118474162
12 7 0.202267817953 11.728612573402 5.078638219856
12 8 0.202267817953 13.404128655316 5.804157965549
12 9 0.371311735666 15.079644737231 6.529677711243
12 10 1.280598452580 16.755160819146 7.255197456937
12 11 0.097605792087 18.430676901060 7.980717202631
12 12 0.182905311012 20.106192982975 8.706236948324
12 13 0.359328175193 21.781709064889 9.431756694018
12 14 0.177137325244 23.457225146804 10.157276439712
13 0 0.000000000000 0.000000000000 0.000000000000
13 1 0.180018411473 1.675516081915 0.725519745694
13 2 0.349430075571 3.351032163829 1.451039491387
13 3 0.188866657440 5.026548245744 2.176559237081
13 4 0.102755209239 6.702064327658 2.902078982775
13 5 0.988247135172 8.377580409573 3.627598728468
13 6 0.493099861304 10.053096491487 4.353118474162
13 7 0.196028824549 11.728612573402 5.078638219856
13 8 0.196028824549 13.404128655316 5.804157965549
13 9 0.493099861304 15.079644737231 6.529677711243
13 10 0.988247135172 16.755160819146 7.255197456937
13 11 0.102755209239 18.430676901060 7.980717202631
13 12 0.188866657440 20.106192982975 8.706236948324
13 13 0.349430075571 21.781709064889 9.431756694018
13 14 0.180018411473 23.457225146804 10.157276439712
14 0 0.000000000000 0.000000000000 0.000000000000
14 1 0.172093764791 1.675516081915 0.725519745694
14 2 0.334289439461 3.351032163829 1.451039491387
14 3 0.205854233993 5.026548245744 2.176559237081
14 4 0.089976598966 6.702064327658 2.902078982775
14 5 1.376882017093 8.377580409573 3.627598728468
14 6 0.390364766201 10.053096491487 4.353118474162
14 7 0.219245110941 11.728612573402 5.078638219856
14 8 0.219245110941 13.404128655316 5.804157965549
14 9 0.390364766201 15.079644737231 6.529677711243
14 10 1.376882017093 16.755160819146 7.255197456937
14 11 0.089976598966 18.430676901060 7.980717202631
14 12 0.205854233993 20.106192982975 8.706236948324
14 13 0.334289439461 21.781709064889 9.431756694018
14 14 0.172093764791 23.457225146804 10.157276439712
average 0 0.000000000000 0.000000000000 0.000000000000
average 1 0.170724738600 1.675516081915 0.725519745694
average 2 0.344085159749 3.351032163829 1.451039491387
average 3 0.201556501017 5.026548245744 2.176559237081
average 4 0.091670249069 6.702064327658 2.902078982775
average 5 1.076334465756 8.377580409573 3.627598728468
average 6 0.388442756221 10.053096491487 4.353118474162
average 7 0.207402249445 11.728612573402 5.078638219856
average 8 0.207402249445 13.404128655316 5.804157965549
average 9 0.388442756221 15.079644737231 6.529677711243
average 10 1.076334465756 16.755160819146 7.255197456937
average 11 0.091670249069 18.430676901060 7.980717202631
average 12 0.201556501017 20.106192982975 8.706236948324
average 13 0.344085159749 21.781709064889 9.431756694018
average 14 0.170724738600 23.457225146804 10.157276439712
