# state_sector q N(q) qx qy; unit-cell normalization 1/Nuc
# corrected TiltedLat30 Fourier mesh
0 0 0.000000000000 0.000000000000 0.000000000000
0 1 0.163217506680 1.675516081915 0.725519745694
0 2 0.239469939707 3.351032163829 1.451039491387
0 3 0.158759904479 5.026548245744 2.176559237081
0 4 0.070184102524 6.702064327658 2.902078982775
0 5 1.265186064067 8.377580409573 3.627598728468
0 6 0.229967014820 10.053096491487 4.353118474162
0 7 0.183150852852 11.728612573402 5.078638219856
0 8 0.183150852852 13.404128655316 5.804157965549
0 9 0.229967014820 15.079644737231 6.529677711243
0 10 1.265186064067 16.755160819146 7.255197456937
0 11 0.070184102524 18.430676901060 7.980717202631
0 12 0.158759904479 20.106192982975 8.706236948324
0 13 0.239469939707 21.781709064889 9.431756694018
0 14 0.163217506680 23.457225146804 10.157276439712
1 0 0.000000000000 0.000000000000 0.000000000000
1 1 0.151254179811 1.675516081915 0.725519745694
1 2 0.248114534218 3.351032163829 1.451039491387
1 3 0.158916600760 5.026548245744 2.176559237081
1 4 0.073040586526 6.702064327658 2.902078982775
1 5 1.073953234087 8.377580409573 3.627598728468
1 6 0.217801482073 10.053096491487 4.353118474162
1 7 0.180623757508 11.728612573402 5.078638219856
1 8 0.180623757508 13.404128655316 5.804157965549
1 9 0.217801482073 15.079644737231 6.529677711243
1 10 1.073953234087 16.755160819146 7.255197456937
1 11 0.073040586526 18.430676901060 7.980717202631
1 12 0.158916600760 20.106192982975 8.706236948324
1 13 0.248114534218 21.781709064889 9.431756694018
1 14 0.151254179811 23.457225146804 10.157276439712
2 0 0.000000000000 0.000000000000 0.000000000000
2 1 0.140116873595 1.675516081915 0.725519745694
2 2 0.230477737007 3.351032163829 1.451039491387
2 3 0.166034405806 5.026548245744 2.176559237081
2 4 0.075130146810 6.702064327658 2.902078982775
2 5 1.754306638659 8.377580409573 3.627598728468
2 6 0.235298633629 10.053096491487 4.353118474162
2 7 0.174460458308 11.728612573402 5.078638219856
2 8 0.174460458308 13.404128655316 5.804157965549
2 9 0.235298633629 15.079644737231 6.529677711243
2 10 1.754306638659 16.755160819146 7.255197456937
2 11 0.075130146810 18.430676901060 7.980717202631
2 12 0.166034405806 20.106192982975 8.706236948324
2 13 0.230477737007 21.781709064889 9.431756694018
2 14 0.140116873595 23.457225146804 10.157276439712
3 0 0.000000000000 0.000000000000 0.000000000000
3 1 0.131491205568 1.675516081915 0.725519745694
3 2 0.252821278422 3.351032163829 1.451039491387
3 3 0.162584125790 5.026548245744 2.176559237081
3 4 0.076455025789 6.702064327658 2.902078982775
3 5 0.857196848151 8.377580409573 3.627598728468
3 6 0.186135994552 10.053096491487 4.353118474162
3 7 0.177895422109 11.728612573402 5.078638219856
3 8 0.177895422109 13.404128655316 5.804157965549
3 9 0.186135994552 15.079644737231 6.529677711243
3 10 0.857196848151 16.755160819146 7.255197456937
3 11 0.076455025789 18.430676901060 7.980717202631
3 12 0.162584125790 20.106192982975 8.706236948324
3 13 0.252821278422 21.781709064889 9.431756694018
3 14 0.131491205568 23.457225146804 10.157276439712
4 0 0.000000000000 0.000000000000 0.000000000000
4 1 0.155778186591 1.675516081915 0.725519745694
4 2 0.236730719413 3.351032163829 1.451039491387
4 3 0.161682766585 5.026548245744 2.176559237081
4 4 0.072097789894 6.702064327658 2.902078982775
4 5 1.476091171749 8.377580409573 3.627598728468
4 6 0.237017572327 10.053096491487 4.353118474162
4 7 0.179136550746 11.728612573402 5.078638219856
4 8 0.179136550746 13.404128655316 5.804157965549
4 9 0.237017572327 15.079644737231 6.529677711243
4 10 1.476091171749 16.755160819146 7.255197456937
4 11 0.072097789894 18.430676901060 7.980717202631
4 12 0.161682766585 20.106192982975 8.706236948324
4 13 0.236730719413 21.781709064889 9.431756694018
4 14 0.155778186591 23.457225146804 10.157276439712
5 0 0.000000000000 0.000000000000 0.000000000000
5 1 0.163431323610 1.675516081915 0.725519745694
5 2 0.242045370796 3.351032163829 1.451039491387
5 3 0.157419831122 5.026548245744 2.176559237081
5 4 0.071070183678 6.702064327658 2.902078982775
5 5 1.250292587308 8.377580409573 3.627598728468
5 6 0.246417225108 10.053096491487 4.353118474162
5 7 0.182374863126 11.728612573402 5.078638219856
5 8 0.182374863126 13.404128655316 5.804157965549
5 9 0.246417225108 15.079644737231 6.529677711243
5 10 1.250292587308 16.755160819146 7.255197456937
5 11 0.071070183678 18.430676901060 7.980717202631
5 12 0.157419831122 20.106192982975 8.706236948324
5 13 0.242045370796 21.781709064889 9.431756694018
5 14 0.163431323610 23.457225146804 10.157276439712
6 0 0.000000000000 0.000000000000 0.000000000000
6 1 0.150636989921 1.675516081915 0.725519745694
6 2 0.246270375622 3.351032163829 1.451039491387
6 3 0.159291036013 5.026548245744 2.176559237081
6 4 0.072912184501 6.702064327658 2.902078982775
6 5 1.072280239432 8.377580409573 3.627598728468
6 6 0.211563800491 10.053096491487 4.353118474162
6 7 0.180858955219 11.728612573402 5.078638219856
6 8 0.180858955219 13.404128655316 5.804157965549
6 9 0.211563800491 15.079644737231 6.529677711243
6 10 1.072280239432 16.755160819146 7.255197456937
6 11 0.072912184501 18.430676901060 7.980717202631
6 12 0.159291036013 20.106192982975 8.706236948324
6 13 0.246270375622 21.781709064889 9.431756694018
6 14 0.150636989921 23.457225146804 10.157276439712
7 0 0.000000000000 0.000000000000 0.000000000000
7 1 0.140255425877 1.675516081915 0.725519745694
7 2 0.231621922331 3.351032163829 1.451039491387
7 3 0.166058729740 5.026548245744 2.176559237081
7 4 0.075266966215 6.702064327658 2.902078982775
7 5 1.751444858737 8.377580409573 3.627598728468
7 6 0.237315082178 10.053096491487 4.353118474162
7 7 0.174553571041 11.728612573402 5.078638219856
7 8 0.174553571041 13.404128655316 5.804157965549
7 9 0.237315082178 15.079644737231 6.529677711243
7 10 1.751444858737 16.755160819146 7.255197456937
7 11 0.075266966215 18.430676901060 7.980717202631
7 12 0.166058729740 20.106192982975 8.706236948324
7 13 0.231621922331 21.781709064889 9.431756694018
7 14 0.140255425877 23.457225146804 10.157276439712
8 0 0.000000000000 0.000000000000 0.000000000000
8 1 0.131517109662 1.675516081915 0.725519745694
8 2 0.251864987423 3.351032163829 1.451039491387
8 3 0.162308068213 5.026548245744 2.176559237081
8 4 0.076327145865 6.702064327658 2.902078982775
8 5 0.858743977963 8.377580409573 3.627598728468
8 6 0.184884100514 10.053096491487 4.353118474162
8 7 0.177600766172 11.728612573402 5.078638219856
8 8 0.177600766172 13.404128655316 5.804157965549
8 9 0.184884100514 15.079644737231 6.529677711243
8 10 0.858743977963 16.755160819146 7.255197456937
8 11 0.076327145865 18.430676901060 7.980717202631
8 12 0.162308068213 20.106192982975 8.706236948324
8 13 0.251864987423 21.781709064889 9.431756694018
8 14 0.131517109662 23.457225146804 10.157276439712
9 0 0.000000000000 0.000000000000 0.000000000000
9 1 0.155319275054 1.675516081915 0.725519745694
9 2 0.236898392002 3.351032163829 1.451039491387
9 3 0.162194526670 5.026548245744 2.176559237081
9 4 0.072010039503 6.702064327658 2.902078982775
9 5 1.486428351735 8.377580409573 3.627598728468
9 6 0.234508775549 10.053096491487 4.353118474162
9 7 0.179182193320 11.728612573402 5.078638219856
9 8 0.179182193320 13.404128655316 5.804157965549
9 9 0.234508775549 15.079644737231 6.529677711243
9 10 1.486428351735 16.755160819146 7.255197456937
9 11 0.072010039503 18.430676901060 7.980717202631
9 12 0.162194526670 20.106192982975 8.706236948324
9 13 0.236898392002 21.781709064889 9.431756694018
9 14 0.155319275054 23.457225146804 10.157276439712
10 0 0.000000000000 0.000000000000 0.000000000000
10 1 0.163465919964 1.675516081915 0.725519745694
10 2 0.242333641543 3.351032163829 1.451039491387
10 3 0.157842068098 5.026548245744 2.176559237081
10 4 0.071597292255 6.702064327658 2.902078982775
10 5 1.250808381279 8.377580409573 3.627598728468
10 6 0.245412362187 10.053096491487 4.353118474162
10 7 0.182763972737 11.728612573402 5.078638219856
10 8 0.182763972737 13.404128655316 5.804157965549
10 9 0.245412362187 15.079644737231 6.529677711243
10 10 1.250808381279 16.755160819146 7.255197456937
10 11 0.071597292255 18.430676901060 7.980717202631
10 12 0.157842068098 20.106192982975 8.706236948324
10 13 0.242333641543 21.781709064889 9.431756694018
10 14 0.163465919964 23.457225146804 10.157276439712
11 0 0.000000000000 0.000000000000 0.000000000000
11 1 0.151312680166 1.675516081915 0.725519745694
11 2 0.246130305691 3.351032163829 1.451039491387
11 3 0.158794782091 5.026548245744 2.176559237081
11 4 0.073101202462 6.702064327658 2.902078982775
11 5 1.077374224950 8.377580409573 3.627598728468
11 6 0.214529997641 10.053096491487 4.353118474162
11 7 0.180609044769 11.728612573402 5.078638219856
11 8 0.180609044769 13.404128655316 5.804157965549
11 9 0.214529997641 15.079644737231 6.529677711243
11 10 1.077374224950 16.755160819146 7.255197456937
11 11 0.073101202462 18.430676901060 7.980717202631
11 12 0.158794782091 20.106192982975 8.706236948324
11 13 0.246130305691 21.781709064889 9.431756694018
11 14 0.151312680166 23.457225146804 10.157276439712
12 0 0.000000000000 0.000000000000 0.000000000000
12 1 0.140415556172 1.675516081915 0.725519745694
12 2 0.232469449434 3.351032163829 1.451039491387
12 3 0.166056223333 5.026548245744 2.176559237081
12 4 0.075145528195 6.702064327658 2.902078982775
12 5 1.751215762759 8.377580409573 3.627598728468
12 6 0.238535163390 10.053096491487 4.353118474162
12 7 0.174378683259 11.728612573402 5.078638219856
12 8 0.174378683259 13.404128655316 5.804157965549
12 9 0.238535163390 15.079644737231 6.529677711243
12 10 1.751215762759 16.755160819146 7.255197456937
12 11 0.075145528195 18.430676901060 7.980717202631
12 12 0.166056223333 20.106192982975 8.706236948324
12 13 0.232469449434 21.781709064889 9.431756694018
12 14 0.140415556172 23.457225146804 10.157276439712
13 0 0.000000000000 0.000000000000 0.000000000000
13 1 0.131433700349 1.675516081915 0.725519745694
13 2 0.250763843352 3.351032163829 1.451039491387
13 3 0.162177678946 5.026548245744 2.176559237081
13 4 0.076206315882 6.702064327658 2.902078982775
13 5 0.860255131472 8.377580409573 3.627598728468
13 6 0.183027838446 10.053096491487 4.353118474162
13 7 0.177429866170 11.728612573402 5.078638219856
13 8 0.177429866170 13.404128655316 5.804157965549
13 9 0.183027838446 15.079644737231 6.529677711243
13 10 0.860255131472 16.755160819146 7.255197456937
13 11 0.076206315882 18.430676901060 7.980717202631
13 12 0.162177678946 20.106192982975 8.706236948324
13 13 0.250763843352 21.781709064889 9.431756694018
13 14 0.131433700349 23.457225146804 10.157276439712
14 0 0.000000000000 0.000000000000 0.000000000000
14 1 0.155780067427 1.675516081915 0.725519745694
14 2 0.238888558570 3.351032163829 1.451039491387
14 3 0.161932203414 5.026548245744 2.176559237081
14 4 0.072404556759 6.702064327658 2.902078982775
14 5 1.473869715189 8.377580409573 3.627598728468
14 6 0.239642443826 10.053096491487 4.353118474162
14 7 0.179364162704 11.728612573402 5.078638219856
14 8 0.179364162704 13.404128655316 5.804157965549
14 9 0.239642443826 15.079644737231 6.529677711243
14 10 1.473869715189 16.755160819146 7.255197456937
14 11 0.072404556759 18.430676901060 7.980717202631
14 12 0.161932203414 20.106192982975 8.706236948324
14 13 0.238888558570 21.781709064889 9.431756694018
14 14 0.155780067427 23.457225146804 10.157276439712
average 0 0.000000000000 0.000000000000 0.000000000000
average 1 0.148361733363 1.675516081915 0.725519745694
average 2 0.241793403702 3.351032163829 1.451039491387
average 3 0.161470196737 5.026548245744 2.176559237081
average 4 0.073529937791 6.702064327658 2.902078982775
average 5 1.283963145836 8.377580409573 3.627598728468
average 6 0.222803832449 10.053096491487 4.353118474162
average 7 0.178958874669 11.728612573402 5.078638219856
average 8 0.178958874669 13.404128655316 5.804157965549
average 9 0.222803832449 15.079644737231 6.529677711243
average 10 1.283963145836 16.755160819146 7.255197456937
average 11 0.073529937791 18.430676901060 7.980717202631
average 12 0.161470196737 20.106192982975 8.706236948324
average 13 0.241793403702 21.781709064889 9.431756694018
average 14 0.148361733363 23.457225146804 10.157276439712
